1000
6.743752650694215
14.867044145739586
8.060614630716259
-6.374162942716104
-0.39097239553496266
-16.621137817009373
-1.8830579688590317
33.01513938996631
34.73575516111701
1.4544366743548052
-21.99001166444667
24.927490692454036
49.70306731277149
-25.29497313999561
-7.313544939988359
48.93190089486288
52.708927874199944
45.91103641551883
10.62068209849716
3.393716719143714
42.486353253160885
-10.674973194952173
-67.90496185431215
110.82495694978923
-62.732273141769305
117.93124288989027
74.45160926402339
-39.05206480356916
87.58785179400147
12.1355629851221
70.39184251480175
10.988303129566264
81.23592642700335
22.80164542321689
43.95902988234154
70.06589274252511
22.414646534389107
95.55450205859874
-55.02230090925138
64.94880823927994
93.67098569637145
-202.4588498378166
101.53396976097525
310.5501943320559
91.19894959538128
68.6080895942105
41.41928664688068
54.682254300750714
45.20395785569135
111.35789475382848
46.6641666443981
83.19052350320148
196.64807090213202
117.81455128278108
41.827415657182534
-172.87897048552276
58.64593408828119
174.86227092332356
90.68759183842906
-53.219891954620955
55.387394193860025
135.77101999983535
-8.725631279031758
154.77139007085023
123.11669747690118
131.01624811176265
-10.503560352340484
71.86204343971721
180.0500171186794
185.2327713671276
-59.148562956766476
118.27421019515126
62.817827841570164
-128.83786600538104
324.5374476661723
306.6739150237422
-40.55470641154209
153.1032905426476
196.78575414175017
37.252386903886
-17.683900944140042
139.18299365196884
2.9220207960286153
253.47732009303945
371.6316556813116
7.203155282180385
-89.25798031471983
345.9266406563767
136.4497403523946
187.86617914718948
129.053539800481
29.060771205915888
56.08005468337208
106.35347455532542
329.1163323444427
-68.9379943593252
323.38521966192474
-157.16498867277252
203.99215474376635
37.96395475347931
-27.950712546743453
717.5775635301559
-58.10773050319535
13.691888948887057
191.74201982071926
131.27103368848728
174.3697957075887
112.47155724994698
-72.84918235956461
284.3620712955075
-31.59155357405301
358.4539729996226
84.99832339968023
264.98664030707727
2.5799944459473423
206.10609147955913
-201.2665119138928
157.0554202881025
184.3523077231658
436.1505373491706
-607.673948580531
596.9643348534277
418.4293820693541
13.592138626050133
33.15762539118355
-131.23350555543288
381.25297156355504
313.0605724197387
433.09096712526804
-20.825960784421753
-260.4325279470626
439.61246619304814
-89.90275819594747
49.76216563670466
806.5827965978808
94.65342927774822
-167.0407281278241
215.99083287522254
49.57030715254363
344.47566300898603
-49.15569894549826
481.20113111941004
220.31294870278003
-10.323669519451805
110.75118512765069
304.0968739955506
351.3056819690922
-164.15950783309447
827.2723216404071
351.36463462553394
-606.7308426039447
420.2272670843432
522.1328121906081
236.59189293521325
-440.30200513484584
303.3692611641709
60.6391182206214
166.00381269812573
84.73628036556863
350.6499738307374
605.2565520956282
-533.984812963213
494.6042353100439
23.617752408867574
373.87980440444136
328.1957300683678
489.08005587784726
-373.8613888990552
605.8336427018487
-26.148162848746544
-163.77267982199677
451.3594445029754
161.19946151185064
302.2953987851463
-424.11136636067704
851.3100974450907
706.24763525079
-26.988729662285046
157.47975286225065
95.17240961304502
333.8848045227506
120.41913458754914
80.02686321468741
601.6603306236084
253.28999179871823
410.5177771047149
1091.5799878761236
-715.5211812692104
-14.648872695705016
297.63921491064195
326.5166134621994
398.0981823818774
166.19304324454316
-5.223219119076205
828.7041197991128
80.02608169313626
-282.38361427324855
400.5094787015382
56.288502730497314
809.8999779748231
-435.5308981905343
-45.87210222288937
1425.4792252430414
709.2488979813772
960.4084005076396
-333.5928086522712
768.3797067747072
208.4200934094248
100.7746114957866
-3.078239848083861
645.9095300864512
450.1326409996778
246.52763455634485
438.41796758899784
231.21096155264905
239.4381396797809
605.5879868695782
-140.0662890849861
781.8622523384508
38.60257204948145
361.46429132064526
-193.79202765907604
559.8379867443097
619.3466004582355
228.85803028414165
-100.98483458164557
704.0005373844997
639.4187779862788
673.9267140247401
844.2935466245501
-44.25947844870946
-946.6192372751827
501.34218545622423
56.47009961172355
746.5118485888078
68.78135158737693
791.2576437887603
63.789703579126126
76.65964245581426
208.10797596098553
-177.72106643248802
416.5099297879985
671.1589269142307
433.05338470728475
327.2601628046824
904.6055871135966
469.8978380702925
-280.34015158097145
321.51779814142304
223.9556502857299
203.78407993725926
832.4204076656206
290.54070281002544
251.8492163795845
553.2177559631597
298.22140377020577
830.5206808881111
-513.540818993657
726.0251175508758
206.46615293532602
163.1894122539268
647.4535822387678
708.3890118298632
-166.6157909204452
613.7850314746486
-0.7680051886182975
778.7198740434662
81.7292885933082
963.9005283372246
-202.26238245319496
948.4196104351997
-155.53637091311026
252.18239370887008
-793.6617510788487
1336.3279578283903
427.8511567161014
783.0947151010035
341.3087344220352
256.7230255050188
786.1010813813286
-472.8435188377565
1320.125858731773
46.83317330037814
723.0157783228356
1294.3450453703113
991.976948354763
1617.9828205953659
-507.5165838886252
1163.4821180517733
187.76004163590474
205.19105430917463
-15.700843403948014
342.9254439543954
696.4287204568183
288.97633197120814
255.41315157148364
858.6926802839166
306.53852879016637
231.7644986696568
75.24054628399983
1380.5995356305143
447.10320975880404
-590.7139838591796
418.65337718725215
743.5822277394211
-96.72428766262388
1207.972182201907
-379.72704663773817
1059.964883181732
-227.6571881121725
-759.5498241928134
1652.0088445768877
1139.181385719796
-524.5866791340688
206.09378471542254
1049.8635667201438
-233.8088940598719
867.2278173510224
412.59216143182255
1043.7487686210798
840.5701162012189
203.80501681947595
374.5416449708061
236.51262723006562
101.14601611022353
825.8457014878904
-1060.1175923918665
1469.5387444457313
275.96831470630104
869.9576637531106
394.70712739465233
-160.23514078128855
144.76794560198726
935.9633462295154
-21.172637237819274
664.5245653166514
798.2916067940359
1448.4456932308628
-637.2421485249936
543.8182188558499
117.22540974044513
531.7041831244921
514.3695041538031
580.1176780454656
581.6231306244192
11.540935664407456
730.2947308124627
279.56048446077943
83.99182156220321
1457.0926345911237
-293.7436969045551
398.5274089957367
1762.621313432297
698.7580355607997
414.5330039389422
-642.2295271402284
1014.4858470214548
-318.5145971954183
940.9321795473234
-85.91961926453008
1117.6777881527469
-156.25572721247278
303.5481495444895
627.5909386015651
1717.374625367903
504.2507813547985
890.5161502128678
-1160.0651912483734
1857.8176784252153
515.888354847127
1062.3703443412055
-286.6052786680093
976.0254080523815
1608.6079221394823
28.98290577323175
-801.9220855245894
1739.6052613129004
-622.7982431947427
-441.06712406337175
777.5782786738354
131.1228518661885
464.4124083534852
1306.2215521471321
482.03367205398115
1250.5192909481973
-170.81367465282221
1799.7985065067755
-689.6079864724826
1145.2350570557692
-777.3364213527141
9.29196499229465
1380.745307317249
1462.8944711690865
-453.3224063137126
511.3095038861049
1096.7477095449842
377.2173639793605
515.6758235153609
1182.0166793548258
171.0957833528535
481.03439789989284
294.0156078190727
1044.2454022679153
374.79485577785374
1045.3923536862344
1234.4986697735646
120.05503044104482
-362.3019972380141
531.7069697468294
1517.8378338398359
131.06324027878352
62.22378180663179
-883.6441914381383
1367.1298102385529
690.7982566339272
515.2992625811704
-434.91497202468423
-1318.4533131851158
511.7970811213478
2047.1897245055413
1512.1913126309294
855.6966441777611
-705.5450608286353
895.2016707767166
1138.449595188891
-551.1069575706493
-21.499979603367137
1291.1897856284447
1088.560148520962
-233.75993774642524
562.9329461308479
799.4883683401051
391.92273168093504
492.3947611400828
1018.3042181283537
329.0199153886908
532.5830701840594
3371.030804445916
-1414.5351415347488
612.2943964161682
838.4498315341228
-17.1836454685614
805.6562498888184
294.56117665532645
1462.31530642967
12.412399313708898
984.239038748824
-527.1269432287623
744.5923753983647
-430.4982295858555
157.35304551106478
1826.8070312239292
-1008.9182416861776
242.8296425009724
1377.4900913280794
1701.0905053765484
265.37804408813395
939.5453639168671
199.21849161379012
977.7141354620957
1274.8222186758048
1059.4467676676993
-587.7366373853824
1053.2935583176886
212.82042639224264
427.19316047966817
-69.15297506940857
2584.659875673942
-558.3036828296623
1561.7995347466658
1242.9712142860287
-233.25708198877453
887.035482753006
1461.777706752722
584.840311041386
-904.1637344343684
1684.0366825930241
717.2698968690949
2094.1146711639103
-584.8418982641247
3183.8100121730968
-1247.1929412011605
-134.72475982229867
520.953322742682
1044.570802076877
1321.4922940375545
51.56194771940237
438.25791284377743
1561.2745415340119
296.7373383621778
637.1809224604743
-53.087477762239956
-812.0454721396843
478.35426923269443
1263.3728759736996
1786.622215549331
-2570.9959872306686
694.2591837048107
1682.7262352463329
1488.5903805485455
-306.7401037228751
524.8607772869367
1734.7953481194295
1034.032457839391
-2529.9750978476263
1838.8502786374231
1675.4279118078189
2133.94786016864
1176.1907004231136
2292.658332242581
-1195.7349284876682
1350.9216916442808
2580.7230089148056
1713.1381228232442
-225.51217830328136
-1910.420824628376
-118.42496472093106
252.7888689181112
1092.3454551137831
2099.996581647045
-419.6138947661682
2298.244219753664
2700.0980568239165
-1195.725561889037
1171.2430127339692
356.8277766093484
668.5617648739704
1648.718724597758
353.8016127385504
1104.6422006478333
570.378482481697
642.331468075641
2732.0404340156133
-166.16502007276864
170.65122448210974
-489.93171563931753
1273.7121151616157
563.6010375765354
-760.9016254906566
1378.7774125350386
2088.4529785246286
-172.36610229916076
167.10278926587208
630.7643253904182
1279.808537068409
-651.955943327707
1784.8809911920682
596.8731976952404
-40.84561722724082
1601.354858830362
2262.7948131784724
-1004.6208187516318
1464.9439801535443
546.9516352865123
715.6112268276626
-371.42983313389783
994.8646838669717
2721.865179193453
-742.4675949502468
-1086.6184962421116
293.59530341362483
1313.1515442031227
-667.9174830706799
1510.9751915941113
312.50624454079434
2013.937041122307
138.99963840507786
-151.30644740041865
-213.49698939558
1001.2605217228862
1553.8503820153815
536.0792565935814
571.0652714093436
-408.30363980574043
1492.8796617657604
683.7499395635754
2215.5510196842783
-2974.4274257319894
1726.5772098588784
2281.685327534109
1328.8503955346773
461.7544984469096
1338.3705120129948
-11.105579023438871
180.86919875662448
1103.0894803153894
813.3230340189475
1238.0058667366372
3735.051458671689
-315.706913704839
927.036135327936
-307.8942666886299
347.27575749007053
1614.3111368540604
-265.21858475778697
1070.5474150238806
179.44615887644025
1892.0019627999782
-742.4507172227155
1228.5389612082254
1875.8980243018812
1608.299338932848
-81.0211692859022
-569.7796429232931
2082.0663011245883
932.7849696298217
1656.1772209236285
-1595.6199969440925
1029.7035994530227
1314.9940760936151
-653.0111799050159
1181.9134068666324
1295.025312745438
127.78547231279438
1369.4633688027707
718.0974869662228
3248.9221811707052
-931.2654292238312
2391.213416185183
-211.05692137736503
2155.0642046179883
1239.7152941779202
-33.30740887834155
-1143.7016849317483
577.3786395790198
269.5732435076603
840.2065997096131
1631.8374129681185
999.732148742838
1199.6678140184954
131.31627344713456
703.0384631281539
-1257.2613121888537
1917.9586850549363
2363.04211897507
797.3846957711798
798.0555912543809
765.4032662281576
612.5002641402848
1337.18472851491
3581.4092781580243
1495.0151773980451
558.3904750976508
-1974.136286031942
304.6784437852534
912.4028014416759
2003.9218825030475
-104.92948714562485
862.6513915647919
2998.5055233378393
194.20352616849013
-1218.482228726148
1892.1800559138592
113.68213133222304
548.9243831409977
219.11865090980845
-443.91575239653815
-198.3631357145278
2828.7826331203755
394.5264828465266
2346.588858797989
504.21037343036676
-2490.5358796327514
318.88169054808117
2092.7905713531286
803.2005124649096
-497.4879628644497
988.4193598151066
-645.4452563437754
-1330.3667513844014
629.3772010836416
4065.5674923958713
1288.0740948314854
3789.6234085854353
2645.8082975852035
-3916.127168776692
-789.202843983578
521.9053939698363
1198.2553860610683
3284.959849809351
-1722.320070786655
1745.3252337465087
354.08440368601504
3345.8412775292804
2550.1178266057027
-1141.7687025463483
-1238.1940465051705
2295.610720046988
-855.3105043836301
2583.4482433000653
-670.4146022404768
1575.8590785110093
764.1315597528691
-162.7544016424227
1887.2119352611746
1003.5467056575989
632.866097466198
1811.565367461413
674.3093031803771
32.65254638232565
1551.6840720347852
1513.5185287082984
-1570.1553364374756
2889.071551445294
663.924605481174
735.1875479590328
1707.1189241363486
908.0269254878158
813.49566025935
1214.0999648613358
631.271092466486
1122.7753886573983
3587.784716401043
-294.3423769038867
3351.4607804012103
-1342.4640786415123
1127.6783981811725
150.97003955830553
-2.552899733274188
2299.651207549016
-1498.1560069873442
1484.6815654165375
1993.360681493854
1619.5824134913262
490.2902425470706
-616.9322188546578
1095.9513964827843
2346.684041857907
1625.503748888606
690.3964174472256
682.4675221669986
411.3922227254118
1825.30196483082
77.2378790365062
531.2622546668973
2471.0452935770168
1619.172212386795
-1475.3966416496837
2360.009796129742
1723.0818055865152
2364.1126251838223
742.0191919237993
189.08887892281456
1386.0571643800115
1668.5222960149451
1366.9120405408776
453.5179149835453
633.8268547514872
-1199.3253264318848
665.1942800191734
273.4813440507313
3484.49827817256
2252.210011660639
2706.8935902320136
-158.3399827778436
148.21387043580955
3247.732877105722
1057.895499339164
-92.43044388061031
-494.2874563121754
2213.086629278672
2666.8027772272844
-431.1864192600813
-515.7428229547443
679.8769021835933
1695.358469504276
2730.94917524167
62.81626179729315
1602.405400798433
-773.6097413527302
640.5348148931946
4213.38525446637
-1711.1701509340924
2182.7378068156495
-201.56628287615507
3102.6769035898624
1524.1858799449953
2229.012200492777
-551.2928335725877
1728.5091740260225
1638.4506920527076
2409.791238901493
-2737.6101175333456
2938.8681994196977
-233.4069974636625
2480.2927701520043
-178.67273614315567
1154.5773511712193
2116.9074259992594
-1103.2932686880597
3184.5129542476293
109.27767279639636
-2841.8170183805532
2801.202251465486
2687.4494379727716
1231.6952089466815
2021.062601272434
2438.8051909243336
2694.9987048183975
-2229.7669213825184
688.9876429984104
2812.906656282696
1439.6902978295684
-389.47998034964843
-1190.89339028168
4120.620248237734
2098.7306846190345
-2583.799735448615
211.94694831819416
538.7019020867518
1123.598142807203
2566.380523181668
-5819.423821812438
3548.4811667871163
1034.404508629294
1892.8458179572697
4272.246244889659
-813.9259021885847
-414.95788080311144
703.3149077358769
2186.6241643360295
1335.2182072075143
2956.988663398094
-1836.0698160798956
3776.978364136143
-130.07435290550825
977.2868757746087
211.05484754006264
883.9092424455752
544.4200311138273
1993.2681967258616
1148.2677356396348
-2474.551225758475
3514.1441483836593
2148.6226374284593
2102.1414603017815
1597.6465634003705
-469.8444954887773
2206.185166678409
1490.38470661013
663.2108746364472
1087.1399385551304
488.7454850525573
3295.8791290105014
2336.287432661839
1515.3273392009362
1331.0696508881438
216.2120123668385
2727.3306204660585
1638.4620095847326
-1066.8717940441338
986.5855723543835
1607.612754050036
4568.607583073532
1351.1659087020028
-452.349170419516
746.1357173477415
138.2897448297796
2537.6061542502903
58.83561437942126
1077.1367103647906
-1067.032035240631
2954.8067531317656
1333.23361872768
-300.09063509875915
5069.584420206716
-268.8028933765271
786.185147616519
1594.9556695136896
698.2824251323977
2013.1897506031323
478.57300439082985
-1001.2624144841993
-2484.4648528014204
5427.160527865737
2252.4469605010313
-767.6341403783346
-843.207819570131
4968.567271846715
1221.1357441080295
2906.600410293681
3623.3033101073506
-5431.60555643968
-2831.764025385575
2588.5124816791877
-1749.188033808156
2168.039723394762
2019.5621559914616
5417.236117786014
-497.37792352905035
1728.2099162365294
-2931.46320586528
2192.852964103355
2460.6374972719045
1565.9626192889714
-1669.8705436916323
733.3208306392667
432.76459421756766
3481.9066890224385
1243.3044150232383
-1360.15927502906
3688.3138972399133
586.9879747534795
1004.9188034093722
1571.448104624279
634.0062255927642
1910.400710262763
663.387839389388
2373.920154285283
1880.0520206370827
-464.61298575392607
447.33417458058005
3653.0091013337237
-2635.8731281829682
1334.7262426149564
1216.4621980065335
-3795.290432856931
-484.508474361263
3698.979613860671
4938.893600508207
718.4634738158792
1331.0406504990751
1006.1875998224488
1375.5580113295057
976.3898572754347
1288.8979008365627
2330.839419181462
1426.383815778021
2054.6163380775843
-130.39527416605577
2336.0121315983224
521.3319344549784
2063.9680568315357
1412.966027691603
2292.6549766854514
-500.6484080826484
1066.6144805046972
-159.43782780534644
2382.057319058785
2420.9115463530948
1356.3158426637683
-760.5374622519039
888.2488746568731
3330.6962179645507
816.1522274455704
1653.2206897097424
876.8472880660355
1478.8292681528894
-2699.668783710797
6207.044315484977
2232.9341008957035
-2342.4881230569517
1419.4161381483466
1620.5701794846434
-201.9586662129985
3207.234949482686
3325.3638139284994
-4378.911008385645
4537.81362659846
764.9394593853626
1586.442291358539
762.9465189388114
619.7314265360337
1669.0953392374731
-2567.8775402173096
3061.386403763083
3168.477297910525
517.9903795610167
3627.3426805554855
-693.4315552282754
-1018.0271596407106
697.32879842369
-1186.445747026633
3425.3237112832408
-1684.0376562725946
5282.041724074932
2641.440763400446
1351.8228534228733
-1334.8483761031848
1714.45670919413
1317.6620691500787
-654.453853005553
2824.165396189119
2131.95929853093
959.0084371463835
1445.4736391575257
546.4799329449526
1930.176609067822
-3945.797143313625
6469.567615826681
1021.1273683215043
2511.064439525705
716.0676024688273
1788.2181813241477
630.0300275910283
3470.3181398580373
4889.122602912817
26.492061463388836
2555.8993251499815
-1627.9380744669388
